>WTATAATA	1-WTATAATA	8.499641	-276.001601	0	T:1864.0(38.61%),B:10227.8(23.53%),P:1e-119	Tpos:50.0,Tstd:26.8,Bpos:50.1,Bstd:33.8,StrandBias:-0.0,Multiplicity:1.32
0.555	0.001	0.009	0.435
0.387	0.001	0.015	0.597
0.902	0.001	0.001	0.096
0.168	0.001	0.001	0.830
0.778	0.001	0.001	0.220
0.717	0.010	0.006	0.267
0.107	0.001	0.001	0.891
0.938	0.051	0.010	0.001
>TATTATTA	2-TATTATTA	7.883883	-189.749720	0	T:1734.0(35.92%),B:10235.2(23.54%),P:1e-82	Tpos:49.8,Tstd:27.4,Bpos:49.2,Bstd:34.9,StrandBias:-0.0,Multiplicity:1.12
0.001	0.001	0.001	0.997
0.876	0.001	0.001	0.122
0.338	0.001	0.001	0.660
0.001	0.001	0.001	0.997
0.997	0.001	0.001	0.001
0.001	0.001	0.001	0.997
0.001	0.001	0.001	0.997
0.997	0.001	0.001	0.001
>ATTAAATA	3-ATTAAATA	8.500230	-184.381554	0	T:1673.0(34.65%),B:9828.6(22.61%),P:1e-80	Tpos:49.0,Tstd:26.9,Bpos:50.0,Bstd:33.2,StrandBias:0.0,Multiplicity:1.23
0.921	0.001	0.001	0.077
0.001	0.001	0.001	0.997
0.141	0.001	0.001	0.857
0.810	0.001	0.001	0.188
0.997	0.001	0.001	0.001
0.868	0.001	0.001	0.130
0.001	0.001	0.001	0.997
0.829	0.001	0.067	0.103
>CACGTGCG	4-CACGTGCG	4.583769	-74.610249	0	T:410.0(8.49%),B:1959.5(4.51%),P:1e-32	Tpos:51.5,Tstd:27.0,Bpos:50.4,Bstd:35.8,StrandBias:0.0,Multiplicity:1.13
0.056	0.881	0.020	0.043
0.815	0.073	0.089	0.023
0.035	0.835	0.021	0.109
0.134	0.037	0.773	0.056
0.064	0.071	0.035	0.830
0.063	0.072	0.799	0.066
0.130	0.553	0.183	0.134
0.154	0.145	0.516	0.185
>ACSMGTCA	5-ACSMGTCA	5.474274	-63.860423	0	T:277.0(5.74%),B:1203.6(2.77%),P:1e-27	Tpos:51.4,Tstd:27.8,Bpos:49.5,Bstd:33.3,StrandBias:0.4,Multiplicity:1.01
0.827	0.113	0.059	0.001
0.001	0.663	0.335	0.001
0.001	0.514	0.409	0.076
0.393	0.413	0.001	0.193
0.132	0.087	0.780	0.001
0.078	0.180	0.110	0.632
0.001	0.841	0.037	0.121
0.560	0.142	0.260	0.038
>GGGCCCMH	6-GGGCCCMH	3.664295	-58.401314	0	T:655.0(13.57%),B:3891.9(8.95%),P:1e-25	Tpos:51.3,Tstd:26.7,Bpos:50.7,Bstd:35.0,StrandBias:-0.0,Multiplicity:1.23
0.142	0.147	0.479	0.232
0.060	0.049	0.792	0.099
0.206	0.163	0.489	0.142
0.187	0.557	0.045	0.211
0.074	0.788	0.016	0.122
0.320	0.557	0.043	0.080
0.390	0.280	0.119	0.212
0.218	0.363	0.059	0.360
>GAGAGAGG	7-GAGAGAGG	4.144435	-50.673548	0	T:833.0(17.25%),B:5387.9(12.39%),P:1e-22	Tpos:49.5,Tstd:26.8,Bpos:50.9,Bstd:29.3,StrandBias:-0.1,Multiplicity:1.27
0.151	0.113	0.656	0.080
0.622	0.128	0.108	0.142
0.150	0.097	0.663	0.090
0.696	0.095	0.089	0.120
0.162	0.155	0.578	0.105
0.616	0.080	0.162	0.142
0.128	0.170	0.577	0.125
0.192	0.109	0.592	0.107
>TAATTAAA	8-TAATTAAA	8.654159	-49.948903	0	T:1160.0(24.03%),B:8012.6(18.43%),P:1e-21	Tpos:50.7,Tstd:27.7,Bpos:50.3,Bstd:33.1,StrandBias:0.1,Multiplicity:1.18
0.001	0.001	0.001	0.997
0.779	0.001	0.219	0.001
0.644	0.001	0.001	0.354
0.036	0.001	0.001	0.962
0.001	0.001	0.001	0.997
0.794	0.001	0.001	0.204
0.822	0.001	0.176	0.001
0.994	0.001	0.001	0.004
>TAGATAKC	9-TAGATAKC	9.081648	-45.667655	0	T:118.0(2.44%),B:397.9(0.92%),P:1e-19	Tpos:49.6,Tstd:27.3,Bpos:50.0,Bstd:30.3,StrandBias:0.2,Multiplicity:1.01
0.001	0.325	0.001	0.673
0.921	0.001	0.001	0.077
0.001	0.001	0.997	0.001
0.997	0.001	0.001	0.001
0.001	0.001	0.001	0.997
0.997	0.001	0.001	0.001
0.001	0.001	0.543	0.455
0.001	0.997	0.001	0.001
>GTATGTCG	10-GTATGTCG	7.186368	-43.682014	0	T:89.0(1.84%),B:258.8(0.60%),P:1e-18	Tpos:50.2,Tstd:28.5,Bpos:46.5,Bstd:32.6,StrandBias:0.4,Multiplicity:1.01
0.001	0.001	0.997	0.001
0.062	0.001	0.001	0.936
0.706	0.001	0.292	0.001
0.001	0.367	0.046	0.586
0.019	0.142	0.773	0.066
0.135	0.004	0.065	0.796
0.001	0.997	0.001	0.001
0.001	0.001	0.997	0.001
>GGTCACTK	11-GGTCACTK	8.740602	-32.763927	0	T:65.0(1.35%),B:187.1(0.43%),P:1e-14	Tpos:46.5,Tstd:25.5,Bpos:49.8,Bstd:33.3,StrandBias:0.3,Multiplicity:1.00
0.001	0.001	0.997	0.001
0.001	0.001	0.997	0.001
0.001	0.001	0.001	0.997
0.001	0.740	0.001	0.258
0.997	0.001	0.001	0.001
0.001	0.997	0.001	0.001
0.001	0.001	0.196	0.802
0.001	0.168	0.364	0.468
>GGTCRGTG	12-GGTCRGTG	7.679051	-32.293813	0	T:35.0(0.72%),B:60.0(0.14%),P:1e-14	Tpos:51.8,Tstd:28.7,Bpos:51.7,Bstd:31.5,StrandBias:-0.3,Multiplicity:1.00
0.001	0.001	0.997	0.001
0.001	0.001	0.896	0.102
0.001	0.001	0.174	0.824
0.001	0.997	0.001	0.001
0.471	0.001	0.527	0.001
0.001	0.001	0.997	0.001
0.001	0.244	0.001	0.754
0.001	0.001	0.997	0.001
>TGTTGATT	13-TGTTGATT	8.236954	-32.225706	0	T:128.0(2.65%),B:540.6(1.24%),P:1e-13	Tpos:48.3,Tstd:27.3,Bpos:48.1,Bstd:30.2,StrandBias:-0.1,Multiplicity:1.02
0.100	0.100	0.100	0.700
0.100	0.100	0.700	0.100
0.100	0.100	0.100	0.700
0.100	0.100	0.100	0.700
0.100	0.100	0.700	0.100
0.700	0.100	0.100	0.100
0.100	0.100	0.100	0.700
0.100	0.100	0.100	0.700
>CTAAAAGC	14-CTAAAAGC	8.638904	-31.794487	0	T:52.0(1.08%),B:130.2(0.30%),P:1e-13	Tpos:50.1,Tstd:30.1,Bpos:51.9,Bstd:30.3,StrandBias:-0.2,Multiplicity:1.00
0.001	0.997	0.001	0.001
0.001	0.001	0.001	0.997
0.910	0.001	0.088	0.001
0.997	0.001	0.001	0.001
0.997	0.001	0.001	0.001
0.997	0.001	0.001	0.001
0.001	0.001	0.997	0.001
0.001	0.997	0.001	0.001
>GTGGGGTC	15-GTGGGGTC	8.347648	-29.178277	0	T:35.0(0.72%),B:67.0(0.15%),P:1e-12	Tpos:49.5,Tstd:22.5,Bpos:53.0,Bstd:32.9,StrandBias:-0.5,Multiplicity:1.00
0.001	0.001	0.997	0.001
0.001	0.001	0.001	0.997
0.047	0.001	0.951	0.001
0.036	0.001	0.924	0.039
0.001	0.046	0.860	0.093
0.001	0.012	0.986	0.001
0.152	0.001	0.064	0.783
0.069	0.572	0.001	0.358
>TGACATTG	16-TGACATTG	10.592898	-28.421599	0	T:53.0(1.10%),B:147.5(0.34%),P:1e-12	Tpos:53.8,Tstd:29.4,Bpos:46.7,Bstd:33.2,StrandBias:0.5,Multiplicity:1.00
0.001	0.001	0.001	0.997
0.001	0.001	0.997	0.001
0.997	0.001	0.001	0.001
0.001	0.997	0.001	0.001
0.997	0.001	0.001	0.001
0.001	0.001	0.001	0.997
0.001	0.001	0.001	0.997
0.377	0.001	0.621	0.001
>GAATATTC	17-GAATATTC	8.530909	-25.632926	0	T:238.0(4.93%),B:1347.0(3.10%),P:1e-11	Tpos:52.3,Tstd:27.0,Bpos:50.9,Bstd:30.7,StrandBias:0.2,Multiplicity:1.05
0.001	0.001	0.997	0.001
0.589	0.001	0.409	0.001
0.997	0.001	0.001	0.001
0.001	0.001	0.001	0.997
0.997	0.001	0.001	0.001
0.001	0.354	0.001	0.644
0.001	0.001	0.001	0.997
0.001	0.791	0.001	0.207
>CCACCGTT	18-CCACCGTT	8.236954	-25.288090	0	T:20.0(0.41%),B:24.9(0.06%),P:1e-10	Tpos:51.2,Tstd:28.5,Bpos:45.2,Bstd:33.2,StrandBias:0.5,Multiplicity:1.00
0.100	0.700	0.100	0.100
0.100	0.700	0.100	0.100
0.700	0.100	0.100	0.100
0.100	0.700	0.100	0.100
0.100	0.700	0.100	0.100
0.100	0.100	0.700	0.100
0.100	0.100	0.100	0.700
0.100	0.100	0.100	0.700
>RGGACKAC	19-RGGACKAC	5.558015	-24.541777	0	T:127.0(2.63%),B:600.6(1.38%),P:1e-10	Tpos:54.3,Tstd:25.6,Bpos:49.9,Bstd:32.2,StrandBias:0.4,Multiplicity:1.02
0.538	0.004	0.441	0.017
0.049	0.207	0.594	0.150
0.001	0.016	0.590	0.393
0.580	0.418	0.001	0.001
0.029	0.611	0.359	0.001
0.001	0.001	0.502	0.496
0.732	0.032	0.139	0.097
0.071	0.697	0.152	0.080
>AATGTCAG	20-AATGTCAG	8.351222	-22.342506	0	T:41.0(0.85%),B:114.8(0.26%),P:1e-9	Tpos:52.6,Tstd:27.2,Bpos:50.2,Bstd:29.8,StrandBias:0.5,Multiplicity:1.00
0.997	0.001	0.001	0.001
0.997	0.001	0.001	0.001
0.001	0.066	0.001	0.932
0.001	0.001	0.997	0.001
0.001	0.001	0.001	0.997
0.001	0.997	0.001	0.001
0.997	0.001	0.001	0.001
0.001	0.001	0.997	0.001
>GTCGCTAT	21-GTCGCTAT	6.853150	-21.600526	0	T:58.0(1.20%),B:205.9(0.47%),P:1e-9	Tpos:54.7,Tstd:24.9,Bpos:47.7,Bstd:35.3,StrandBias:-0.3,Multiplicity:1.02
0.136	0.089	0.684	0.091
0.082	0.078	0.078	0.762
0.040	0.751	0.137	0.072
0.130	0.126	0.703	0.041
0.062	0.825	0.035	0.078
0.083	0.096	0.059	0.762
0.720	0.071	0.092	0.117
0.023	0.057	0.116	0.804
>ATTTCCAA	22-ATTTCCAA	8.815527	-19.807420	0	T:134.0(2.78%),B:697.2(1.60%),P:1e-8	Tpos:50.1,Tstd:25.3,Bpos:49.7,Bstd:33.6,StrandBias:-0.2,Multiplicity:1.02
0.997	0.001	0.001	0.001
0.001	0.001	0.001	0.997
0.001	0.001	0.001	0.997
0.001	0.001	0.001	0.997
0.001	0.997	0.001	0.001
0.001	0.997	0.001	0.001
0.893	0.001	0.105	0.001
0.997	0.001	0.001	0.001
>TTAAATCT	23-TTAAATCT	8.236954	-19.256414	0	T:159.0(3.29%),B:877.9(2.02%),P:1e-8	Tpos:48.2,Tstd:25.1,Bpos:49.7,Bstd:31.8,StrandBias:0.1,Multiplicity:1.25
0.100	0.100	0.100	0.700
0.100	0.100	0.100	0.700
0.700	0.100	0.100	0.100
0.700	0.100	0.100	0.100
0.700	0.100	0.100	0.100
0.100	0.100	0.100	0.700
0.100	0.700	0.100	0.100
0.100	0.100	0.100	0.700
>CACGGTTG	24-CACGGTTG	8.236954	-12.340647	0	T:8.0(0.17%),B:8.6(0.02%),P:1e-5	Tpos:49.5,Tstd:22.4,Bpos:65.6,Bstd:12.0,StrandBias:2.8,Multiplicity:1.00
0.100	0.700	0.100	0.100
0.700	0.100	0.100	0.100
0.100	0.700	0.100	0.100
0.100	0.100	0.700	0.100
0.100	0.100	0.700	0.100
0.100	0.100	0.100	0.700
0.100	0.100	0.100	0.700
0.100	0.100	0.700	0.100
>CTCGAATA	25-CTCGAATA	8.799844	-10.767426	0	T:18.0(0.37%),B:50.5(0.12%),P:1e-4	Tpos:57.2,Tstd:30.8,Bpos:56.2,Bstd:24.9,StrandBias:0.9,Multiplicity:1.06
0.001	0.997	0.001	0.001
0.001	0.001	0.114	0.884
0.001	0.997	0.001	0.001
0.001	0.001	0.997	0.001
0.904	0.001	0.094	0.001
0.997	0.001	0.001	0.001
0.001	0.001	0.001	0.997
0.997	0.001	0.001	0.001
